1000046931730481152
1000057670138511360
1000058972453380096
1000066477820686336
1000071623384109056
1000072155993645056
1000077651400073216
1000078027591725056
1000081158425755648
1000090516576440320
1000091045503094784
1000091373564796928
1000091788570431488
1000093741182263296
1000098112163172352
1000099355652681728
1000099737707679744
1000100659888099328
1000107378873704448
1000107416056193024
1000108162843832320
1000110881755082752
1000110961753001984
1000111327899164672
1000112886297034752
1000113574036860928
1000116865894584320
1000122709226979328
1000126993733677056
1000129668755881984
1000131133536960512
1000137033739866112
1000137376212869120
1000137592483786752
1000143127568330752
1000147222333222912
1000149029117906944
1000149213910360064
1000151093382176768
1000151300174196736
1000151962383204352
1000153313221976064
1000153379818876928
1000153930698756096
1000154307645042688
1000155747247947776
1000156080074113024
1000156105051406336
1000156371175833600
1000157583161913344
1000157863081340928
1000158700641644544
1000165418901577728
1000166752849670144
1000169530934308864
1000172088667062272
1000173134135042048
1000173438222135296
1000174552149868544
1000175731373948928
1000177996361031680
1000179251779084288
1000180531029524480
1000181668172222464
1000182118191906817
1000183048513716224
1000184228455346176
1000185673237831680
1000187403413188608
1000187635874107392
1000187881005977600
1000188610022125568
1000193606973550592
1000194296592424960
1000194297829666816
1000196383283851264
1000203172188692480
1000204981909278720
1000206583877492736
1000207737399222272
1000209956504563712
1000210232775254016
1000210523721220096
1000213234122715136
1000213516562931712
1000213753956339712
1000215429706309632
1000215701073928192
1000216871351570432
1000216941534855168
1000217301406416896
1000217467198873600
1000218059237179392
1000219517030653952
1000221391825629184
1000222174826909696
1000223324489793536
1000223589058129920
1000224978014236672
1000225187012276224
1000225915965493248
1000226294753341440
1000227150911209472
1000228032969072640
1000229347170643968
1000229684870627328
1000232223146196992
1000232278695489536
1000232388258918400
1000233072484302848
1000233121481891840
1000235165957726208
1000235214825750528
1000238355839430656
1000240027277606912
1000240035590758400
1000240136774189056
1000241688763072512
1000242716652736512
1000243077916606464
1000243936989986816
1000244233372086272
1000245761826852864
1000246766937260032
1000248710392963072
1000248959501029376
1000250257558388736
1000250540862959616
1000251004484509696
1000251689758236672
1000253497838903296
1000253887061827584
1000254966197264384
1000255774385160192
1000256669277655040
1000257761810022400
1000258646233522176
1000258834977427456
1000259426894168064
1000259901425168384
1000259970421440512
1000260551923884032
1000260808460144640
1000261307335135232
1000264193133690880
1000266184023007232
1000267392225845248
1000270173556908032
1000270622988877824
1000271564920471552
1000272179474149376
1000273676190519296
1000273897754943488
1000275293681979392
1000275641750425600
1000276087366111232
1000276369403678720
1000276901589573632
1000278632616333312
1000281127149260800
1000281132367052800
1000281262319398912
1000281266089861120
1000281747453276160
1000281809264791552
1000281848091701249
1000282040643563520
1000282430910935040
1000282480793772032
1000283343595999232
1000284825975975936
1000285582091833344
1000288452778373120
1000289362342522880
1000290653378318336
1000291596144971776
1000291809873797120
1000291896654237696
1000292487493275648
1000295149030506496
1000295268820086784
1000296087472771072
1000296805805813760
1000297791979192320
1000298938567421952
1000299077050736640
1000302494796128256
1000303060054409216
1000303328493703168
1000304040581730304
1000305222280998912
1000305606650941440
1000306138862206976
1000306348220981248
1000307892026519552
1000308870142644224
1000309697007726592
1000311856428400640
1000314023457202176
1000315343031709696
1000316333495398400
1000317191146635264
1000321461657239552
1000321616997240832
1000325016422129664
1000328938171830272
1000329052625702912
1000336400278843392
1000336441135812608
1000339809405214720
1000344249210114048
1000355826483257344
1000356068926644224
1000360873627418624
1000365811208208384
1000403198961725440
1000415433180221440
1000420746813657088
1000421015853412352
1000424562321760256
1000427573404184576
1000429166430183424
1000437410163040256
1000438840097382400
1000442386930917376
1000442941468282880
1000443542851686400
1000446841034260480
1000446865814319104
1000454137093480448
1000458170751201280
1000459995911172096
1000470204783951872
1000470467049861120
1000475352281354240
1000477002354016256
1000481777606938624
1000485312423682048
1000485454321463296
1000485658663481344
1000488074263879680
1000492217858920448
1000493021923803136
1000493344079663104
1000493437222633472
1000493856640643072
1000494428886331392
1000497880626343936
1000498463189962752
1000499483546632192
1000501838166257664
1000504039726788608
1000506717416869888
1000511327665856512
1000511361668861952
1000511661133787136
1000511949978697728
1000512836755177472
1000516236880269312
1000516957948293120
1000517628051488768
1000524293043552256
1000525547916427264
1000525805526360064
1000526752889647104
1000526915829899264
1000526928534720512
1000528686577283072
1000528909328179200
1000528995344920576
1000532446380777472
1000533500115456000
1000533932070031360
1000533944795844608
1000534038324355072
1000535592624394240
1000536748176146432
1000537504035807232
1000537674479759360
1000540756324290560
1000542435157356544
1000544378089295872
1000545288920133632
1000546319989133312
1000546680766156800
1000546840795815936
1000546921380835328
1000547319604760576
1000548164929011712
1000548799238045696
1000549925039546368
1000553461127254016
1000556832168742912
1000557126697234432
1000557388677738496
1000558872068804608
1000562137321926656
1000564201686962176
1000565434187423744
1000565501241540608
1000565582883708928
1000565587543474176
1000566504560934912
1000566836875964416
1000568005576548352
1000568472717201408
1000572311583563776
1000572827570982912
1000575155623374848
1000577545604841472
1000578146120142848
1000578621259321344
1000578907550183424
1000579661098565632
1000580073679720448
1000580835516518400
1000581307031547904
1000581621063323648
1000582027873226752
1000582265761660928
1000583151044763648
1000583585667182592
1000583614725230592
1000584609085710336
1000584825436065792
1000585088175669248
1000585646370693120
1000586245774454784
1000586401005359104
1000587308762112000
1000589315400749056
1000589881342644224
1000590245101801472
1000590249585770496
1000592013487419392
1000592525494501376
1000592835017322496
1000593658015555584
1000593860776640512
1000594420879822848
1000597651961622528
1000597884384800768
1000598505062129664
1000598773774622720
1000599364588433408
1000600405379534848
1000601155568832512
1000601192000585728
1000601280596549632
1000601762320859136
1000602042873643008
1000603667541757952
1000603786064154624
1000604073684566016
1000604674006913024
1000606235571470336
1000606479176372224
1000606638367207424
1000606738573144064
1000606999412678656
1000607130761453568
1000607290254336000
1000608029491814400
1000610282587951104
1000610603964211200
1000610772893720576
1000610913910411264
1000611310956158976
1000613293796593664
1000613415573983232
1000615232030343168
1000616496097361920
1000617551531028480
1000618412206436352
1000620262926020608
1000620431599919104
1000621503857172480
1000621617623228416
1000624225507569664
1000624631478460416
1000624706166132736
1000624954796109824
1000626061031202816
1000626347669860352
1000626695096672256
1000627149348413440
1000627581999095808
1000628008052297728
1000628046937702400
1000628277729443840
1000628312487686144
1000629083321077760
1000629986052530176
1000630203653242880
1000631276551942144
1000631697932779520
1000631951415500800
1000632069002772480
1000632178952089600
1000632494409818112
1000632948242214912
1000633965834637312
1000635075454734336
1000635713311629312
1000635804345065472
1000635986902130688
1000636799267282944
1000637304811184128
1000637351800025088
1000637551696388096
1000638790278299648
1000638802131296256
1000642124485705728
1000642271781265408
1000643770351820800
1000644339006922752
1000644916290174976
1000645045969698816
1000645111857782784
1000646428651327488
1000647118815371264
1000647983244709888
1000648023871033344
1000648547449856000
1000648875931058176
1000650544702271488
1000651724740313088
1000651802506887168
1000651885545406464
1000651970085888000
1000652040986312704
1000652109425127424
1000652117414981632
1000652763526750208
1000653032402325504
1000653074056220672
1000655826945507328
1000656148954771456
1000657048738177024
1000657054937108480
1000657603132616704
1000657868648767488
1000657941986430976
1000658137285636096
1000658404207136768
1000658551536226304
1000658915362770944
1000658964603887616
1000659379663548416
1000662367467933696
1000663417218109440
1000663691789996032
1000664735815188480
1000665036529778688
1000666125366968320
1000668264675921920
1000668320699482112
1000669121543053312
1000669865428013056
1000670186895994880
1000671012607750144
1000671923048685568
1000671956653514752
1000672614811131904
1000673688427110400
1000676573617307648
1000676818061565952
1000676963759091712
1000677078594629632
1000677188578021376
1000678223254089728
1000678903981162496
1000679849326678016
1000682903879266304
1000682921218166784
1000682942424576000
1000683003434921984
1000683305672253440
1000683356234629120
1000683925032873984
1000686647211667456
1000686666484523008
1000686828313014272
1000687001336758272
1000690067972694016
1000690329990639616
1000690869902483456
1000690997820370944
1000691578815254528
1000692810191626240
1000693794385362945
1000694102146580480
1000695529464107008
1000697524220268544
1000698244315205632
1000701807246393344
1000701816218255360
1000701823943872512
1000701957956341760
1000703708427927552
1000707447780233216
1000707778194857984
1000712667360641024
1000715624139411456
1000733480273010688
1000736457289285632
1000740001644150784
1000741128976703488
1000744965653082112
1000754172372893696
1000755129902833664
1000760231795843072
1000762541531684864
1000764759928438784
1000771446278098944
1000778753821077504
1000779437974900736
1000783938215657472
1000790285615529984
1000799386382606336
1000799811588493312
1000802777640960000
1000803973319598080
1000807233631969280
1000810310627639296
1000816814265409536
1000817410598731776
1000820657229316096
1000822042364669952
1000823063006285824
1000823716629954560
1000825113404653568
1000826455447482368
1000828396307365888
1000830189883830272
1000831871531589632
1000833819374669824
1000833853960634368
1000835584488583168
1000835599072227328
1000836758340284416
1000838613644533760
1000839703743844352
1000840468843896832
1000840872755167232
1000842684380196864
1000843709744898048
1000843860928524288
1000844459602268160
1000844477478375424
1000844500912025600
1000845348996259840
1000846946010865664
1000848738136547328
1000848790141665280
1000849263636426752
1000851217141944320
1000851263778619392
1000852265122377728
1000852273074769920
1000852293396074496
1000854639941713920
1000854976106471424
1000857820373348352
1000858407835975680
1000859004647399424
1000859091133943808
1000859416016691200
1000860275831975936
1000861309534875648
1000862514302910464
1000863742751559680
1000864336392097792
1000864395070681088
1000867810588921856
1000868027471908864
1000868199778107392
1000868460944928768
1000869410132623360
1000870531530182656
1000873583821651969
1000874195913474048
1000874572213891072
1000874939349372928
1000877408054034432
1000879126645018624
1000880418842923008
1000880736271810560
1000882329293639680
1000882385648295936
1000883781508718592
1000885163775139840
1000887618751655936
1000888495985901568
1000889717992075264
1000891209826328576
1000891313853505536
1000891367591137280
1000893911637889024
1000893937701023744
1000894535620091904
1000895727339266048
1000895990234062848
1000896247986855936
1000896971504259072
1000897410601725952
1000897811346534400
1000897976828661760
1000898474096914432
1000898791169241088
1000899441177600000
1000899932628099072
1000900306353438720
1000900329174413312
1000900547794096128
1000901862976819200
1000902627795656704
1000903151265759232
1000903223722278912
1000903274968555520
1000903868433219584
1000904581452025856
1000906331819274240
1000906699143856128
1000906764130414592
1000907046146998272
1000907288598441984
1000908554544324608
1000910219150557184
1000912181530877952
1000912798043226112
1000913235081621504
1000913823018229760
1000917399761297408
1000917862300680192
1000919896945045504
1000924154197098496
1000924818578849792
1000927983818657792
1000928196155318272
1000928665493774336
1000928751804203008
1000928836961079296
1000929091643658240
1000929342727335936
1000930387901501440
1000930721512243200
1000933404839145472
1000933814740099072
1000934155917656064
1000934354937106432
1000934404153118720
1000934493986680832
1000934919419138048
1000935247107772416
1000935417379536896
1000935430146945024
1000936366747885568
1000937174289584128
1000939842248544256
1000940786050899968
1000942434341228544
1000943460661997568
1000944050440196096
1000944285899706368
1000945040920809472
1000945241144340480
1000945260404301824
1000945322266148864
1000946935810666496
1000947177977417728
1000948284409655296
1000948980580323328
1000950082080014336
1000950612659171328
1000950656720310272
1000951764859920384
1000952260341227520
1000952641364627456
1000956350290948096
1000957626341072896
1000958089115111424
1000958370674573312
1000958626996916224
1000959452008144896
1000959884957016064
1000961232737832960
1000961340371841024
1000961367043665920
1000961419677679616
1000961653724086272
1000962590299828224
1000962784563200000
1000964157648048128
1000965027085324288
1000965073021431808
1000968815011926016
1000969250489688064
1000970090520678400
1000970118630625280
1000970698040438784
1000971831857086464
1000972437250514944
1000973311720783872
1000974533810954240
1000977780478992384
1000977982262816768
1000979689076396032
1000979750141267968
1000980195076935680
1000981902012055552
1000981937348849664
1000983789541191680
1000985300618616832
1000985849695039488
1000985905882152960
1000986198459940864
1000986376411770880
1000988223339986944
1000988649434836992
1000989560819392512
1000989897374474240
1000989928349655040
1000990458337435648
1000990725371998208
1000990800622039040
1000990880640983040
1000991561661784064
1000991604955365376
1000991668733915136
1000992454566182912
1000992499554275328
1000992633600229376
1000993300691451904
1000993319117107200
1000995778195845120
1000996764515553280
1000997506274172928
1000997693105070080
1000998500231958528
1000998846081441792
1000998856513003520
1000999944456708096
1001000152250925056
1001001261157466112
1001001740478423040
1001001867515764736
1001003457819361280
1001003769045372928
1001003897072058368
1001004470278504448
1001005113869283328
1001006396135055360
1001007506585419776
1001007986581581824
1001008566939062272
1001008906031484928
1001009121707077632
1001009186424950784
1001009953584349184
1001010323723022336
1001010984707821568
1001011719419633664
1001011958180470784
1001012044625256448
1001013211190931456
1001014211432112128
1001014864367476736
1001014984907665408
1001015423862714368
1001019313060265984
1001019398997303296
1001019853626642432
1001020215292825600
1001022040989413376
1001024012933079040
1001024076241936384
1001024465175547904
1001027557388414976
1001027779380289536
1001028113633079296
1001030352929771520
1001030995333824512
1001031964008333312
1001032302756761600
1001033338208854016
1001034796123987968
1001036895952011264
1001036982438207488
1001038024794320896
1001039465705365504
1001039655690469376
1001039674569117696
1001040856415158272
1001041086392774656
1001041785566474240
1001042198797733888
1001044319014395904
1001045045581062144
1001045092095725568
1001045441435340800
1001046633590546432
1001047007206469632
1001047221757800448
1001049351453351936
1001049637186093056
1001051112532557824
1001051158497898496
1001051245790068736
1001051635818065920
1001051685122375680
1001051737215381504
1001053543949582336
1001053687281819648
1001055966038532096
1001056631582343168
1001060933885681664
1001063391013625856
1001066617352134656
1001066672876126208
1001066846570913792
1001067746924363776
1001068414875340800
1001074275924787200
1001077141183881216
1001080984583774208
1001081757946507264
1001082151334289408
1001083279757258752
1001086696412393472
1001087523168411648
1001088152326610944
1001110437640990720
1001113825539735552
1001114654937878528
1001118073400504320
1001132930913169408
1001145688035303424
1001149180644864000
1001154515682390016
1001157211801944064
1001159087884525568
1001159544279625728
1001160310104944640
1001162593677041664
1001173461466525696
1001185622507282432
1001190116355633152
1001192804145573888
1001196463692689408
1001200779421679616
1001203058921111552
1001203609725485056
1001209338570174464
1001209926338732032
1001209988838281216
1001213720837697536
1001213997649108992
1001214606426947584
1001215481362948096
1001216106377170944
1001217029501755392
1001217417592406016
1001218084675153920
1001218310240710656
1001218853960929280
1001219202860113920
1001219698488242176
1001219933176250368
1001220468952485888
1001220750579265536
1001221930000478208
1001222230858153984
1001222421493280768
1001223875641704448
1001224187190632448
1001224410805551104
1001224626422366208
1001224826628788224
1001225169555107840
1001225465480007680
1001225570455322624
1001225660532219904
1001226410217644032
1001227853461139456
1001228513069654016
1001230622205042688
1001233151085166592
1001235572565950464
1001238192286060544
1001241121617547264
1001241127485362176
1001241348160262144
1001241912164188160
1001242230503235584
1001242742913114112
1001246839426940928
1001248605459595264
1001252882303074304
1001253360827297792
1001255641710788608
1001255711239737344
1001255992459419648
1001256389328494592
1001256600062816256
1001256654110863360
1001257010769055744
1001257052447846400
1001257191946514432
1001259096026116096
1001259097955430400
1001259141647462400
1001259910387945472
1001260589991305216
1001260653425627136
1001261059199655936
1001261180033363968
1001261269770203136
1001264125432999936
1001266004967501824
1001266537921118208
1001266961734414336
1001267829640761344
1001268212614217728
1001268277491986432
1001269447819964416
1001269751148093440
1001270409712521216
1001270986114535424
1001271152326688768
1001271200678653952
1001271492249542656
1001271670063214592
1001272205864263680
1001272628423565312
1001273209133662208
1001273475844980736
1001273836295036928
1001274228651307008
1001274373543538688
1001275761992364032
1001276779153195008
1001277671487266816
1001279222251499520
1001279341910704128
1001279659155296256
1001280227768766464
1001282089594863616
1001283181435129856
1001284390535774208
1001284722636304384
1001285591679315968
1001285799670886400
1001286004814069760
1001286455575924736
1001287052114960384
1001287506287099904
1001288343289778176
1001288477985366016
1001289524866945024
1001291200332230656
1001293501398405120
1001294026672381952
1001294323398111232
1001294691582742528
1001295797217816576
1001296129818071040
1001297368999919616
1001297538449879040
1001297752577486848
1001297935314882560
1001298660212314112
1001301305027149824
1001305691815878656
1001306100261396480
1001308460379709440
1001308964807688192
1001309071171067904
1001309387308281856
1001309982047764480
1001310210737983488
1001311294001172480
1001311422778929152
1001312381689073664
1001312968824201216
1001313430034137088
1001313994306465792
1001314212884185088
1001315413847932928
1001315976694091776
1001318578374766592
1001324629941772288
1001327226035601408
1001327271178899456
1001329296968974336
1001331155154735104
1001332759131729920
1001334706647990272
1001334973288378368
1001335117064900608
1001337883895926784
1001338034631090176
1001339602650472448
1001339606588854272
1001341360030482432
1001341548350586880
1001341822141943808
1001341869957222400
1001342990557528064
1001343771310510080
1001344479334424576
1001345925585014784
1001347502844567552
1001347590555889664
1001351443254579200
1001352458616119296
1001353981119102976
1001355158628003840
1001356451807363072
1001359001352843264
1001359529516195840
1001359593382817792
1001360570714566656
1001362399040876544
1001366091295064064
1001366224610951168
1001366678850215936
1001368642182672384
1001371043308740608
1001372044392595456
1001373140141887488
1001373389895901184
1001374938982191104
1001375357393399808
1001375417007230976
1001376221604556800
1001378387153121280
1001378748052180992
1001384998873542656
1001385147767414784
1001385468723859456
1001388345961672704
1001395878067621888
1001403392976973824
1001406082419163136
1001407637696761856
1001410436786483200
1001413749154201600
1001413888560005120
1001414162980696064
1001416643953446912
1001418353354731520
1001421215011045376
1001423046361665536
1001423378756030464
1001430532233580544
1001431004210212864
1001431580956643328
1001432946479124480
1001435737553813504
1001437008356433920
1001437970064375808
1001446843110371328
1001487721262469120
1001492796932571136
1001514603119009792
1001516001612959744
1001521694743359488
1001530153941499904
1001530900057600000
1001541004098424832
1001548032870961152
1001555554843369472
1001559330967203840
1001562743582691328
1001564237849825280
1001565648398458880
1001567747970416640
1001571058169872384
1001573580212985856
1001576360726437888
1001578868664381440
1001579260995088384
1001579892338466816
1001581787417292800
1001582960409247744
1001583722258423808
1001584146533285888
1001585576413458432
1001586389126955008
1001586638608117760
1001591691557621760
1001592584684371968
1001593973170647040
1001594978826625024
1001597527973335040
1001598893554823168
1001599970048188416
1001600275741655040
1001603107249115136
1001608597949526016
1001609412793753600
1001611117979656192
1001614692084551680
1001615520996687872
1001619729443856384
1001620916800774144
1001623448554196992
1001626461146689536
1001629246411673600
1001634771555995648
1001639420195184640
1001641762747822080
1001644181241901056
1001644408904531968
1001647748090638336
1001649228197830656
1001650075447308288
1001650923052986368
1001652357039616000
1001659013588758528
1001661314990542848
1001663126917578752
1001665028363034624
1001667438703734784
1001672549672828928
1001673807800717312
1001674634380439552
1001679900148940800
1001680170094321664
1001680244400664576
1001683901946691584
1001686042275172352
1001689394127806464
1001692273018327040
1001693270272839680
1001693413227286528
1001696718871547904
1001697590062325760
1001699178646478848
1001699580670324736
1001702491198509056
1001703241119330304
1001704856211570688
1001706243729108992
1001706476345155584
1001706516933656576
1001706718054821888
1001707591203799040
1001708801319370752
1001711293310590976
1001712030316662784
1001712672850513920
1001713446695362560
1001717257313071104
1001721191813238785
1001721815401660416
1001722697274826752
1001723056668155904
1001726069654568960
1001727462847455232
1001731976807821312
1001732398628700160
1001735822686765056
1001739537174736896
1001744401451937792
1001744409869672448
1001747128286175232
1001747387229868032
1001751837290156032
1001753211558141952
1001765820403466240
1001766522651381760
1001768718113902592
1001770441200787456
1001778508475052032
1001779655130378240
1001788215747043328
1001790886167846912
1001796823855345664
1001805109354971136
1001812221359501312
1001830763504775168
1001847544286224384
1001851751680589824
1001860621694119936
1001877992026574848
1001880859919392768
1001895831173054464
1001897050608164864
1001898559895154688
1001906254068822016
1001913797566439424
1001914807089242112
1001918040956354560
1001918445287350272
1001918911215767552
1001920389053587456
1001923554822258688
1001928559150927872
1001929436452548608
1001929525808230400
1001929939635073024
1001935276735713280
1001936935163473920
1001939592225742848
1001942745448853504
1001943386195914752
1001946973244710912
1001946994723471360
1001948123154747392
1001949019100110848
1001952967420760064
1001954889460518912
1001958584739123200
1001963541546364928
1001967734474571776
1001970475745898496
1001972445789429760
1001972676178636800
1001973270758969344
1001976424024166400
1001978172520222720
1001980427310972928
1001991438239961088
1001992407316934656
1001994847541940224
1001997039682658304
1001998908031156224
1001999036150349824
1002003845980803072
1002005793601691648
1002006637592363008
1002007891818979328
1002007983301259264
1002008893926367232
1002009498506158080
1002016587223592960
1002017737582997504
1002019051633090560
1002020099953418240
1002020618339811328
1002022318312239104
1002025213636259840
1002027033670426624
1002029002073985024
1002029472867860480
1002030738897563648
1002031444018839552
1002035193789718528
1002035780409024512
1002035893957230592
1002036963173662720
1002038457662943232
1002042389583622144
1002043692472782848
1002044019431395328
1002047514104455168
1002049105612124160
1002049632706379776
1002051960633188352
1002053112657285120
1002055388637904896
1002057021362999296
1002057982038929408
1002060727911141376
1002060944811102208
1002062130259902464
1002062355078836224
1002062918818705408
1002065173848174592
1002066004748210176
1002066331077619712
1002068093901623296
1002069152309358592
1002069510318088192
1002070174477774848
1002071837301260288
1002072287777853440
1002072393373683712
1002072900590882816
1002073436799090688
1002074750459486208
1002076568778326016
1002077247844282368
1002077807096004608
1002080973841981440
1002084230395752448
1002086558947753984
1002087399293161472
1002087483112386560
1002088156633419776
1002089044970459136
1002089218379796480
1002090078547636224
1002094777417854976
1002095029059252224
1002099219030478848
1002105570846826496
1002107074211147776
1002107668946710528
1002109174542434304
1002110746030698496
1002110747524100096
1002115496315158528
1002121765079883776
1002122915522686976
1002126809489391616
1002129005522178048
1002134798497898496
1002136180059717632
1002138041114087424
1002141185147846656
1002142425273331712
1002154933564375040
1002156295463362560
1002160330233053184
1002169344836427776
1002190896340860928
1002191545908318208
1002192548548214784
1002207746210549760
1002207860932882432
1002219253501452288
1002225269462986752
1002238317154267136
1002238353741381632
1002242061744955392
1002242577287815168
1002244392037617664
1002253376186396672
1002257763549732864
1002258782396538880
1002260207214469120
1002263193273479168
1002265341679775744
1002267825047478273
1002269894848528384
1002270467232550912
1002273742761922560
1002275016869900288
1002290137197379584
1002292644354949120
1002294163007508480
1002299015313907712
1002299589715697664
1002300636702048256
1002302091223506944
1002304353102688256
1002308864089456640
1002315807969382400
1002316603599245312
1002317727186509824
1002318959942549504
1002319505592086528
1002320505375694848
1002321781564272640
1002321998841520128
1002323241379188736
1002324068009164800
1002325649769533440
1002333541956550656
1002333791311867904
1002334418381541376
1002335514562560000
1002338572319297536
1002344133802758144
1002346671109464064
1002349943173918720
1002350062195892224
1002355269398859776
1002356377563602944
1002358863124946944
1002360202903080960
1002364163013947392
1002366408472117248
1002369681610711040
1002372696086335488
1002374904328663040
1002378161624862720
1002378862090739712
1002381627843842048
1002382783278096384
1002384369857478656
1002384508882178048
1002387299872694272
1002395495941193728
1002404781207547904
1002405812964040704
1002407633396871168
1002410361447936000
1002410728885571584
1002411612516573184
1002417492985266176
1002417974986022912
1002418150807388160
1002419442833080320
1002423512100966400
1002424866311426048
1002425793173143552
1002429552997584896
1002429651529928704
1002429904081530880
1002431412542070784
1002432393786843136
1002433132487970816
1002435102997180416
1002435461165318144
1002436689207402496
1002439193831624704
1002440650052001792
1002442643084623872
1002445144148070400
1002447851076677632
1002452034152521728
1002452726111690752
1002452960208719872
1002455369957715968
1002455868706525184
1002459475694759936
1002463597081051136
1002464451095916544
1002465868460253184
1002466294781665280
1002466734285938688
1002468347403022336
1002471536097452032
1002471924057899008
1002473178561429504
1002473251101933568
1002474123630608384
1002474340610441216
1002478111473938432
1002478540379271168
1002479466339348480
1002480325143732224
1002480462050283520
1002485236602654720
1002485466613821440
1002485477666140160
1002487791575527424
1002488290055962624
1002489532165283840
1002489619788521472
1002490460540997632
1002492013100605440
1002494365245026304
1002495454304440320
1002495514446831616
1002495598660100096
1002495679350067200
1002496038600671232
1002499396107169792
1002501458375143424
1002502508461301760
1002509478874189824
1002512366384062464
1002512367575293952
1002515390838214656
1002521934552092672
1002530556531105792
1002532193479913472
1002539528856416256
1002543621565800448
1002559464937033728
1002569155922268160
1002572495938883584
1002592138581962752
1002598555854229504
1002598895827763200
1002602294283563008
1002604436197367808
1002614374474706944
1002625747309268992
1002625869086433280
1002628305264279552
1002630191048208384
1002631444985966592
1002634762600796160
1002643995723476992
1002645208418140160
1002645592217948160
1002647365779402752
1002647944333541376
1002654118856261632
1002660170557431808
1002660230590603264
1002662331018276864
1002664239259115520
1002664433627365376
1002665186358177792
1002673516191129600
1002675352860016640
1002680353074425856
1002680750866661376
1002685089991274496
1002685270115913728
1002690854554931200
1002693827519528960
1002695362978410496
1002697508067454976
1002698811224809472
1002699911671820288
1002703120704606208
1002703409335697408
1002708896214921216
1002712059122999296
1002713134068305920
1002714847995432960
1002715091533537280
1002715495759499264
1002721508411449344
1002721822707503104
1002725412050296832
1002730361177976832
1002730583958626304
1002731152777572352
1002740069494411264
1002740381538291712
1002741870583324672
1002744147624509440
1002744367255257088
1002746769496764416
1002749313484779520
1002749395298639872
1002751741848367104
1002752347338080256
1002753331585806336
1002753702098071552
1002754131070439424
1002758414482522112
1002758774823530496
1002759413024620544
1002760825830010880
1002769902400385024
1002770356697755648
1002771370725236736
1002771844920643584
1002772753394388992
1002774809404383232
1002775606452285440
1002776148259790848
1002777117916073984
1002777581982048256
1002778509963317248
1002778689538269184
1002780092222603264
1002782479390052352
1002782566908076032
1002784764262322176
1002784836576256000
1002793612146343936
1002793727045091328
1002793807961837568
1002796634838585344
1002797753862410240
1002797763584782336
1002798677200367616
1002800373209133056
1002800447091834880
1002801393171640320
1002803368332537856
1002803588273451008
1002804952067923968
1002805204690866176
1002807604663263232
1002810201046753280
1002810985851351040
1002813736542973952
1002814447821238272
1002819443686060032
1002821545737265152
1002821577789882368
1002826271362863104
1002827573300277248
1002832862715834368
1002833760511041536
1002834065688264704
1002836338514776064
1002838159547121664
1002839342860939264
1002845040529584128
1002846008495284224
1002851833993433088
1002858011297005568
1002861158828597248
1002861513389801472
1002862067759378432
1002863061579010048
1002864314451210240
1002864770376146944
1002868969683689472
1002877194659377152
1002885460550713344
1002929358299660288
1002930803803557888
1002932578057330688
1002933935640092672
1002934041043156992
1002941892708978688
1002944078473777152
1002946462302470144
1002947383153344512
1002947805255806976
1002948748109848576
1002955365346115584
1002963917343256576
1002965103790182400
1002975432926224384
1002980337556549632
1002995209799344128
1003002894951514112
1003008305007898624
1003011731070889984
1003012623291564032
1003014531078844416
1003019251260747776
1003022644033060864
1003024666711183360
1003026656660946944
1003027367843000320
1003027909516156928
1003028335955255296
1003032345978503168
1003037714939064320
1003039061381992448
1003042471678308352
1003043445604237312
1003044992673263616
1003047219454423040
1003048360304869376
1003049062142038016
1003051276398964736
1003052154409443328
1003053050098798592
1003056986033717248
1003060820726419456
1003061963636563968
1003062091592200192
1003066250701721600
1003071857899241472
1003072100535554048
1003072156298825728
1003073855914504192
1003074941698072576
1003076549714784256
1003076834520657920
1003081032624427008
1003086957045489664
1003091288792440832
1003094821424291840
1003095164593577984
1003096527973257216
1003108785943932928
1003111061743984640
1003116704752402432
1003117475887726592
1003117969359974400
1003118195844235264
1003118805045727232
1003121001909153792
1003122239308541952
1003123106702831616
1003123603832815616
1003124502122606592
1003124615775961088
1003124989874028544
1003125902982643712
1003126933850353664
1003129230596427776
1003129260829220864
1003129590283161600
1003130745155727360
1003132415424036864
1003132743712174080
1003133286069231616
1003134363799539712
1003138461915557888
1003139235588812800
1003139351351320576
1003139574723489792
1003139991884759040
1003141098509664256
1003141160815968256
1003141888464887808
1003142921488314368
1003143920487653376
1003144189640372224
1003145796046426112
1003145905303891968
1003146330056638464
1003146542988795904
1003146830986518528
1003148950041403392
1003149720463589376
1003151578074910720
1003152597777059840
1003153027676499968
1003153384280588288
1003153762514534400
1003155903777779712
1003156883357708288
1003157230193188864
1003157498980601856
1003157787972399104
1003159340813049856
1003162109775110144
1003162355401916416
1003162592803692544
1003162723972009984
1003162929493135360
1003163188537319424
1003164533139148800
1003165757972078592
1003166710985318400
1003166733885964288
1003167271973453824
1003168346193260544
1003168671142928384
1003169109032255488
1003172270669520896
1003172537506877440
1003172820454641664
1003172942118584320
1003173689908740096
1003174483076816896
1003175515965759488
1003176548519591936
1003178325113704448
1003180344427573248
1003180374752481280
1003182319705985024
1003182806287216640
1003184229976604672
1003184290886299648
1003185590327791616
1003185910482915328
1003188225734569984
1003192952677376000
1003197413734916096
1003198567294332928
1003199842790809600
1003200434854338560
1003200648512471040
1003202106649702400
1003204933694398464
1003205056675651584
1003206116508831744
1003207815411965952
1003208027253653504
1003210387774451712
1003210803391995904
1003212067643322368
1003212769732263936
1003213209722875904
1003215502971482112
1003217619333083136
1003223516843532288
1003229605844647936
1003230747286446080
1003231444669255680
1003232727258263552
1003232882032037888
1003233488205656064
1003236605081034752
1003238026606256128
1003240005008760832
1003240036738965504
1003240875503120385
1003241048337985536
1003248219188305920
1003248307772198912
1003248673288785920
1003249539211264000
1003251978475823104
1003256216031571968
1003256552330813440
1003270629933637632
1003270655380176896
1003270679837233152
1003270705602764800
1003270731007954944
1003270823001350144
1003271964284317696
1003291375174823936
1003294079678828544
1003301638934605824
1003314874031476736
1003325615245586432
1003333584993619968
1003352529779998720
1003361673438199808
1003371953651871744
1003376244655595520
1003380610531737600
1003389346851815424
1003389725597405184
1003394415856873472
1003399138265669632
1003400275408711680
1003401200705613824
1003402899373854720
1003406698176004096
1003407366693257216
1003407968160858112
1003408051413336064
1003409371415633920
1003426382782881792
1003427398546558976
1003428439090720768
1003429079581925376
1003431812430708736
1003432313520050176
1003433046806085632
1003433773842710528
1003434306036797440
1003436423443304448
1003436961622806528
1003438379566018560
1003439647877468160
1003440332307894272
1003444286454448128
1003447865500209152
1003448255226511360
1003456461747146752
1003460945386840064
1003462519505166336
1003463519221510144
1003463861178929152
1003469344639950848
1003474673859698688
1003475857601601536
1003476777886441472
1003484333236981760
1003496311343263744
1003501587467071488
1003501780396564480
1003504318743228416
1003509303917121536
1003509341212614656
1003509954843725824
1003512088460673024
1003515252824068096
1003515917571104768
1003519440207642624
1003520088399405056
1003521220278661120
1003522083818512384
1003522926773145600
1003524347803357184
1003526722186313728
1003526753991704576
1003532959963357184
1003538582037786624
1003539889423368192
1003541041061785600
1003542191341219840
1003542898584772608
1003543046404931584
1003549519029403648
1003554774865883136
1003555868878761984
1003556486842355712
1003557558159613952
1003561189906776064
1003561833552097280
1003568708356116480
1003570655960387584
1003571191052738560
1003575720133480448
1003580437509079040
1003581792873582592
1003589363436806144
1003589502171766784
1003592216071016448
1003593536475688960
1003599511526223872
1003599824656150528
1003602083297017856
1003614821792591872
1003615777662103552
1003636312391438336
1003636869772267520
1003640867535589376
1003652257705078784
1003661667084963840
1003699936988389376
1003720110768369664
1003725629994455040
1003727978670538752
1003728819338788864
1003731264479825920
1003731270909513728
1003733880895102976
1003735318127845376
1003736538750013440
1003746484896067584
1003747609456091136
1003748878400782336
1003749978847784960
1003751483663368192
1003754076280094720
1003754125584175104
1003756003055087616
1003756274422304768
1003756697107472384
1003757121445253120
1003757346503249920
1003759965498118144
1003761283474333696
1003761872035594240
1003762307937218560
1003766235411939328
1003768947541245952
1003772303764504576
1003775372304740352
1003778049780895744
1003778146593587200
1003778734253334528
1003780224884076544
1003781643796131840
1003782783078158336
1003784244776132608
1003784614760046592
1003785592997367808
1003785789743820800
1003788397464420352
1003788529068810240
1003789599228747776
1003791708359966720
1003794025041813504
1003799588450508800
1003802896296771584
1003804130634309632
1003805173652545536
1003806624244256768
1003807118689796096
1003807637592305664
1003810540927455232
1003813454055919616
1003815398002540544
1003817474279579648
1003819045440892928
1003819467681280000
1003820755177574400
1003822882452865024
1003833105880408064
1003841044691226624
1003841814442422272
1003847514413240320
1003850551399735296
1003852786833768448
1003853505473253376
1003854091870773248
1003854226172293120
1003854888188698624
1003855358265319424
1003856427984859136
1003856546456915968
1003856558121218048
1003858350171410432
1003868852666466304
1003869134028759040
1003872626344853504
1003873823600300032
1003878212864241664
1003881636892495872
1003882255590035456
1003883008383717376
1003883054886232064
1003883481656422400
1003886957752950784
1003889239978647552
1003889290792640512
1003893640705490944
1003893989377736704
1003894112006602752
1003899644234842112
1003901136299782144
1003904764955750400
1003905045013630976
1003905105248288768
1003908320060678144
1003909582734716928
1003915204028989440
1003923585393377280
1003923982749487104
1003930915963338752
1003940953180291072
1003941591184023552
1003942146006470656
1003943462976073728
1003944561279737856
1003952461817819136
1003952762901434368
1003996159502594048
1004025017979592704
1004094249463091200
1004103194651062272
1004105416738783232
1004105784847642624
1004132826360225792
1004137386923450368
1004140892334018560
1004140984839344128
1004146411606249472
1004148254465744896
1004165434687516672
1004170838628810752
1004173677446705152
1004175577303166976
1004176764924469248
1004182722777964544
1004201426375057408
1004213838616408064
1004223822691549184
1004224370656403456
1004225525776076800
1004245722545418240
1004250739905880064
1004253564777951232
1004261366544183296
1004265660727119872
1004268414908661760
1004273116073095168
1004282590364307456
1004284682055143424
1004310995679715328
1004316080262762496
1004346560177381376
1004353176721567744
1004380134817894400
1004390788622610432
1004396814440583168
1004397786562736128
1004400796944990208
1004448688418238464
1004461633545863168
1004463827540480000
1004473206478143488
1004478624432316416
1004479053858025472
1004479992509685760
1004482008413581312
1004482282716794880
1004483104255393792
1004483834165035008
1004484477470351360
1004493642347806720
1004494112361181184
1004496494889734144
1004498017295982592
1004505883750862848
1004512922627915776
1004517463297245184
1004519222015045632
1004521314763362304
1004523110218764288
1004527802521194496
1004531767304208384
1004557509622661120
1004565106962706432
1004568402477645824
1004572440946520064
1004592373281722368
1004594037761998848
1004598202248413184
1004600713885724672
1004607357092827136
1004614342668398592
1004621405838630912
1004622473687695360
1004626019044761600
1004632659454029824
1004634083428839424
1004639439466692608
1004647255049187328
1004656214363246592
1004658779662802944
1004664515507408896
1004664902624927744
1004665891457478656
1004668595193946112
1004671073121660928
1004671249089519616
1004676196103262208
1004677956683059200
1004682945862287360
1004698621754679296
1004706702903361536
1004815456559067136
1004815758536093696
1004836773928529920
1004839868918296576
1004852633778921472
1004871935693565952
1004873161071796224
1004875283620405248
1004890181478080512
1004901600588107776
1004902707137515520
1004917069269114880
1004925788229136384
1004930299907436544
1004945970502737920
1004946077960790016
1004952375867424768
1004953410937802752
1004955055671197696
1004959849588695040
1004962027862700032
1004962562028244992
1004964748867112960
1004966586152853504
1004967366251401216
1004969698720624640
1004971496050966528
1004973177895784448
1004973711096532992
1004977645345472512
1004978986847518720
1004978996108488704
1004980744566820864
1005003790380109824
1005004737428467712
1005007656983142400
1005010121211957248
1005010124550586368
1005018444699471872
1005019588339097600
1005022700697165824
1005025690267086848
1005025809121042432
1005031129578917888
1005035420733571072
1005038173107240960
1005042724065431552
1005049867569430528
1005051393855418368
1005055631398436864
1005057146192347136
1005087292181880832
1005138588507209728
1005150261934972928
1005152561847824384
1005161705971601408
1005163892663820288
1005167211721142272
1005176713191567360
1005185374542254080
1005188475261501440
1005190394495094784
1005197406595399680
1005201110157447168
1005201988101042176
1005202817268801536
1005213424038400000
1005224247548915712
1005224650650894336
1005227636936556544
1005233848927297536
1005236734402932736
1005243390322999296
1005249190215016448
1005256111798325248
1005260784622039040
1005267863294103552
1005275412282114048
1005290358751858688
1005290463936544768
1005290506827567104
1005294978680905728
1005297803288895488
1005298872962150400
1005300903307350016
1005306789316665344
1005314300786724864
1005315347475267584
1005315426890268672
1005315773352325120
1005316019860238336
1005317377820639232
1005320917586698240
1005321072243253248
1005321461290115072
1005321796222091264
1005329528291221504
1005329905996709888
1005329989916651520
1005331948694282240
1005332041489063936
1005333305992040448
1005334504535113728
1005335777045020672
1005337357945290752
1005338674558582784
1005343280541696000
1005345260521820160
1005351470536740864
1005368691610755072
1005370192148172800
1005372673301405696
1005372722517278720
1005375366526857216
1005387933160759296
1005389299296206848
1005390935456190464
1005390982218485760
1005392031226667008
1005395465745121280
1005397566671794176
1005402138773516288
1005402781328474112
1005403349027291136
1005404670908608512
1005404863489806336
1005405001750925312
1005406145281990656
1005410111075807232
1005421681357287424
1005451163618922496
1005524731589718016
1005543158521757696
1005543415049535488
1005543884262400000
1005545669655969792
1005548392773980160
1005548946946408448
1005552440420016128
1005557995872075776
1005559264120623104
1005559596330430464
1005560266484043776
1005568197933826048
1005581148249808896
1005589931264970752
1005590504676675584
1005603513314807808
1005604532434219008
1005604690597380096
1005614688899616768
1005616247175528448
1005625590629457920
1005636767992410112
1005639418453086208
1005640974506102784
1005643935982501888
1005650039609450496
1005652931393282048
1005669065211203584
1005669377573834752
1005673636469841920
1005676342265659392
1005677086645854208
1005677898205986816
1005678685082292224
1005687007126736896
1005694954087321600
1005695973949108224
1005698259710533632
1005698799039127552
1005699537513385984
1005700085687934976
1005701911648882688
1005706779239272448
1005710719938887680
1005713097287491584
1005716559068844032
1005718587488837632
1005720675463684096
1005730137599590400
1005736439541321728
1005744950534946816
1005749412313907200
1005760668156465152
1005768537823952896
1005772204400943104
1005773141504872448
1005775615233781760
1005781460038443008
1005786367457910784
1005789216720224256
1005789420131426304
1005791884868026368
1005793552715919360
1005795066914197504
1005808819965665280
1005810177485766656
1005852941502316544
1005860502053994496
1005875678262308864
1005893713765052416
1005898685651271680
1005901445935104000
1005910831621394432
1005911739982077952
1005915101821550592
1005923539268087808
1005928900100333568
1005929385976881152
1005930083854532608
1005930659765731328
1005932999939907584
1005937510855127040
1005941785086005248
1005941861178888192
1005944071467970560
1005944392990806016
1005944673837441024
1005944948761206784
1005945214168649728
1005946291081359360
1005949411970416640
1005951271112757248
1005955051837104128
1005955834875961344
1005956364973010944
1005957108761837568
1005957487067103232
1005958035061297152
1005958271451971584
1005958900056825856
1005968881866944512
1005969187774124032
1005969305739071488
1005973436645928960
1005973495005753344
1005973995365294080
1005974822834302976
1005975356223942656
1005975359466205184
1005980581072371712
1005988753115918336
1005989701397975040
1005991692127924224
1005992117417508864
1005992383592415232
1005993631242670080
1006000106841247744
1006002607367634944
1006005010372423680
1006005216560451584
1006005296352931840
1006006819074023424
1006007433300451328
1006022697886883840
1006033722543325184
1006034872478945280
1006039408174116864
1006039464478646272
1006043070925836288
1006045403663294464
1006047374302646272
1006047729887105024
1006049280957583360
1006059013550809088
1006061973315985408
1006063125541318656
1006068518934233088
1006070192197279744
1006072666244927488
1006073567873478656
1006075035729170432
1006076487558111232
1006083845113937920
1006085698908286976
1006091096897794048
1006091251290120192
1006101004099457024
1006104813299187712
1006105227629613056
1006110482366701568
1006113123016556544
1006115202036563968
1006115419100180480
1006135470209777664
1006137720810397696
1006139732679675904
1006139992172822528
1006144087746895872
1006144161931730944
1006148514020990976
1006154912545275904
1006158904494895104
1006173425880174592
1006177580325527552
1006178867012341760
1006179694330425344
1006197857847779328
1006238393367166976
1006239497312153600
1006242851631529984
1006243169781862400
1006250075111976960
1006250243978858496
1006252526988853248
1006252824650211328
1006260356152221696
1006261940747751424
1006264117012963328
1006265550789283840
1006266259966705664
1006267099884490752
1006274819643572224
1006275413368086528
1006280724799725568
1006281534904377344
1006283490272194560
1006291547383308288
1006291659656769536
1006293266490097664
1006293736080449536
1006294135436963840
1006294772987854848
1006294972925972480
1006298195300659200
1006301489410584576
1006309371233595392
1006312754929664000
1006322030960082944
1006324534355562496
1006326581008146432
1006338233438736384
1006342775244984320
1006344588287709184
1006346249387020288
1006351098971648000
1006357055440920576
1006364972533899264
1006367514571247616
1006368530683277312
1006376444143734784
1006379808969871360
1006380612720156672
1006393801444659200
1006400813348139008
1006401823072272384
1006402092648304640
1006402562544549888
1006402611848888320
1006403024710975488
1006404840710127616
1006406917893369856
1006411863875104768
1006412173339144192
1006412365434433536
1006414155764604928
1006418678364925952
1006419519012573184
1006423487243554816
1006433230196531200
1006458572290322432
1006460689646309376
1006463854336765952
1006468182371909632
1006472584528871424
1006479445823033344
1006489276856324096
1006489465583468544
1006494977268088832
1006495284907454464
1006503761209913344
1006580314967068672
1006643835314831360
1006649787900223488
1006669557760659456
1006695741311344640
1006703641496891392
1006707755299848192
1006710220900143104
1006714460041519104
1006719232157085696
1006721641478320128
1006744871492870144
1006749926350286848
1006751594487963648
1006774369491771392
1006784014964674560
1006797575703175168
1006843946972123136
1006866035707969536
1006868767097360384
1006876927241641984
1006908064600944640
1007004257628667904
1007021361039904768
1007036012565766144
1007038874851135488
1007041999213604864
1007068199701147648
1007069569690603520
1007075260962574336
1007077826228297728
1007081710753640448
1007086871400091648
1007096584581890048
1007102947030679552
1007111991699140608
1007116057607086080
1007121978895011840
1007124601207480320
1007125646830415872
1007130925814996992
1007133589957197824
1007154538387771392
1007154971294281728
1007160922139160576
1007163186207678464
1007185906765320192
1007197383802638336
1007213497525895168
1007223868567465984
1007240441760292864
1007297079661465600
1007326735240523776
1007333887321513984
1007337711763398656
1007340578813493248
1007341174123573248
1007342724170555392
1007361008521695232
1007365020088209408
1007385197148299264
1007390770455597056
1007405495600218112
1007413877559939072
1007435780974587904
1007445135187152896
1007457838282727424
1007460343716392960
1007466220020514816
1007470306438565888
1007473815074312192
1007479382992101376
1007488637086445568
1007489060287254528
1007489644814016512
1007489751731027968
1007492598371622912
1007495933946388480
1007496180047212544
1007497244087558144
1007499263384965120
1007502422828081152
1007504464694976512
1007504951746211840
1007505157090902016
1007507051561279488
1007507331082596352
1007510191220080640
1007510737578852352
1007513028163665920
1007515291791613952
1007519416499523584
1007520700464250880
1007521019151679488
1007521810784690176
1007522035028611072
1007532399879479296
1007534794743410688
1007550711061467136
1007553890730000384
1007575310448963584
1007591381780627456
1007616945992122368
1007622782231650304
1007622940692508672
1007626700521447424
1007628722771296256
1007640079080230912
1007660680335294464
1007693605365760000
1007699216644407296
1007723457179533312
1007760061671825408
1007761882863579136
1007762996459876352
1007770549118021632
1007779362327928832
1007780685634764800
1007788115513196544
1007813971451293696
1007827285736636416
1007830516105650176
1007831586923761664
1007832663979356160
1007843830613385217
1007857841421373440
1007866372576927744
1007915961250099200
1007927342980894720
1007937527585353728
1007940173419745280
1007942740577001472
1007949085770440704
1007950675939934208
1007956297758670848
1007958983450955776
1007960329579393024
1007962445417009152
1007969229771014144
1007969587880706048
1007969962566328320
1007973263680651264
1007974210355781632
1007975881618100224
1007979866953744384
1007993139002277888
1008001303147921408
1008019325988585472
1008022057952641024
1008025110076420096
1008045440283062272
1008045813219684352
1008052225480019968
1008063372056469504
1008066477057859584
1008077494815191040
1008088983659851776
1008091735135846400
1008099784579792896
1008100165326102528
1008100540896673792
1008102830290468864
1008103333170683904
1008103948235730944
1008104581781409792
1008109121377296384
1008109704096194560
1008113854146097152
1008126731510554624
1008131034828922880
1008142511040323584
1008151132146675712
1008167228040200192
1008168849394606080
1008169197932789760
1008180578425671680
1008181800922976256
1008217750906527744
1008222341618434048
1008241613468053504
1008243477970046976
1008243873325236224
1008251223356633088
1008252524999897088
1008253272101978112
1008258577427038208
1008268528727576576
1008276786976604160
1008282587636338688
1008283004088815616
1008310670468554752
1008367962430054400
1008415581021622272
1008416840021622784
1008434013968478208
1008439639197077504
1008443326090948608
1008452047206580224
1008456338608705536
1008463289967415296
1008464402413936640
1008470600240508928
1008472017588187136
1008508710055718912
1008509897081495552
1008520739365986304
1008521498056687616
1008532316366184448
1008537825500639232
1008550833245290496
1008555133107679232
1008557441807753216
1008580303641874432
1008582133436059648
1008587275904413696
1008587565135515648
1008601771113115648
1008602734653771776
1008605419633049600
1008606391918817280
1008607223905234944
1008607674151149568
1008607860176953344
1008610912942563328
1008638690731679744
1008661288777637888
1008663797260853248
1008664049258557440
1008795869723688960
1008805797842870272
1008819785691488256
1008820936243314688
1008832591559835648
1008845122282086400
1008848216680198144
1008863174658863104
1008866014240665600
1008888313056489472
1008899761673236480
1008916923842789376
1008937634556530688
1008962541864501248
1008975589962833920
1008979529517133824
1008996519875416064
1008996657645379584
1009004496061448192
1009006188354019328
1009221101840187392
1009229290631548928
1009233032852516864
1009253756598353920
1009257414249586688
1009265257438650368
1009270115742699520
1009300067557216256
1009331502863302656
1009352910360182784
1009353862882172928
1009355620123803648
1009370522951237632
1009376652687556608
1009452241423314944
1009546322589913088
1009566230505525248
1009569913608028160
1009603526156054528
1009624775154638848
1009626059852877824
1009637856685506560
1009647338580840448
1009674869908389888
1009675966995660800
1009734695740678144
1009861425096708096
1009872020323852288
1009950214506815488
1009961106858811392
1009967540958547968
1009982558270078976
1010004172378148864
1010022850343919616
1010076285747249152
1010259666292420608
1010292510372827136
1010314672593104896
1010327837536030721
1010342369360588800
1010355079439867904
1010357773508509697
1010365739196350464
1010377960538152960
1010420561719001088
1010436127926411264
1010440675059179520
1010443200298913792
1010445645254905856
1010446779197636608
1010495007058198528
1010601823284994048
1010622493180260352
1010641216960098304
1010645150005088256
1010662026814922752
1010673117678759936
1010692143213678592
1010695660380844032
1010698444199092224
1010700768258441216
1010714605770977280
1010724034788388864
1010736100228128768
1010761721775828992
1010798157581733888
1010798287046975488
1010824708633022464
1010850449357971456
1011015129741123584
1011017635493732352
1011017644285300736
1011072238071492608
1011081392089952256
1011089141540290560
1011125018526142464
1011126302809460736
1011144143088791552
1011148192257306624
1011148664925822976
1011150210912686080
1011152383645990912
1011157508875816960
1011183715264651264
1011185939365974016
1011196920330653696
1011198325803917312
1011199921497509888
1011275392595959808
1011367317461970944
1011371813063839744
1011381506939437056
1011418215643308032
1011438993730379776
1011443961941966848
1011447721347174400
1011448106900185088
1011751186648748032
1011754572487786496
1011760399705698304
1011766894476288000
1011782349463400448
1011817821065613312
1011892647465529344
1011896548432711680
1011985447750131712
1012040036411187200
1012109053692186624
1012124039625789440
1012127476870500352
1012135598166802432
1012174454840856576
1012175184121458688
1012235775913689088
1012240754338574336
1012266772826574848
1012316437479858176
1012322533942648832
1012443987120164864
1012481043409862656
1012492474255638528
1012501256239296512
1012511484179562496
1012526156475682816
1012549924577288192
1012552791555747840
1012555656240459776
1012556018959450112
1012556971905298432
1012559001235456000
1012560050390294528
1012562092525858816
1012563629826310144
1012567906376200192
1012568655198117888
1012568940951797760
1012570861326233600
1012571150376923136
1012574040957026304
1012580117744361472
1012584035375353856
1012600115346960384
1012607351360004096
1012610983413571584
1012634498824904704
1012665541200384000
1012737793719676928
1012752433677836288
1012784583030566912
1012821042844065792
1012824199196184576
1012831847119736832
1012836353341317120
1012847547007811584
1012866070677458944
1012867830263476224
1012871908188184576
1012882959776538624
1012885102000582656
1012887948280365056
1012892630088323072
1012892834480726016
1012893832632819712
1012899643862224896
1012920805115752448
1012929861502889984
1012932291976167424
1012947502590246912
1012969089465188352
1012975522302595072
1012990362924556288
1013070151454957568
1013142506801893376
1013213871076773888
1013248801647022080
1013252394794045440
1013259115251863552
1013272102075539456
1013294630433083392
1013310675692462080
1013331526919815168
1013336504778772480
1013337743280988160
1013345379909079040
1013350263576522752
1013360057523818496
1013408814499885056
1013434372742963200
1013525299440316416
1013536009415172096
1013610125950586880
1013614761331564544
1013680105773760512
1013685388172226560
1013695405382389760
1013717594500718592
1013769568138702848
1013827052144922624
1013831620148551680
1013838462262063104
1013915449085587456
1013995590776205312
1014098513879015424
1014107998219857920
1014199719423062016
1014272132336992256
1014355158370779136
1014359263696531456
1014370560362545152
1014377024413921280
1014380713455620096
1014408439214051328
1014425394390392832
1014427025882460160
1014428222462517248
1014428949717331968
1014462708763996160
1014462935902666752
1014621558720909312
1014675766094782464
1014680009471897600
1014766561221050368
1014900823517446144
1014944433831391232
1015013319897239552
1015096624286244864
1015313726691532800
1015487695872552960
1015558015430406144
1015626703210455040
1015691747617054720
1015700869867577344
1015784082661081088
1015875724684513280
1015998086264311808
1016005061874196480
1016033160511053824
1016077550600249344
1016095407270449152
1016096523165057024
1016097288906506240
1016121289058197504
1016140392317509632
1016159793813028864
1016159960855707648
1016228834015645696
1016410079203098624
1016476036193529856
1016513248285106176
1016544339121340416
1016548297676075008
1016872260654813184
1016937927345102848
1017175682905767936
1017193526897115136
1017288895324360704
1017318951426068480
1017334466378661888
1017343785501360128
1017501744533774336
1017553463900545024
1017674085502959616
1017913952702791680
1018643898752806912
1018879330572480512
1018913335544340480
1019097963374501888
1019170780296126464
1019219233961574400
1019444269859139584
1019900604648493056
1020049006652497920
1020076978466091008
1020113121660051456
1020148633024290816
1020176798434070528
1020208688197447680
1020209926406119424
1020509436323807232
1020570663691636736
1020879773821489152
1021049962831736832
1021132056270417920
1021269025697013760
1021348378623324160
1021675617030418432
1022303349569368064
1022345146068529152
1022691972412243968
1023439919177490432